0.0000e+00
1.6471e-01
1.7647e-01
0.0000e+00
1.5686e-01
1.6863e-01
0.0000e+00
1.4118e-01
1.6471e-01
0.0000e+00
1.4510e-01
1.6078e-01
0.0000e+00
1.3725e-01
1.6863e-01
0.0000e+00
1.3333e-01
1.4902e-01
0.0000e+00
1.3333e-01
1.3725e-01
0.0000e+00
1.4510e-01
1.5686e-01
0.0000e+00
1.4118e-01
1.4902e-01
0.0000e+00
1.3725e-01
1.4118e-01
0.0000e+00
1.4118e-01
1.1373e-01
0.0000e+00
1.3333e-01
1.0588e-01
0.0000e+00
1.4510e-01
1.1373e-01
0.0000e+00
1.5294e-01
1.2549e-01
0.0000e+00
1.7255e-01
1.4118e-01
0.0000e+00
1.5294e-01
1.6471e-01
0.0000e+00
1.4510e-01
1.7255e-01
0.0000e+00
1.2941e-01
1.6078e-01
0.0000e+00
1.4118e-01
1.5686e-01
0.0000e+00
1.4902e-01
1.4902e-01
0.0000e+00
1.4902e-01
1.6078e-01
0.0000e+00
1.5686e-01
1.4510e-01
0.0000e+00
1.5686e-01
1.5294e-01
0.0000e+00
1.6078e-01
1.6078e-01
0.0000e+00
1.3333e-01
1.0980e-01
0.0000e+00
1.4510e-01
1.1765e-01
0.0000e+00
1.4902e-01
1.2157e-01
0.0000e+00
1.5294e-01
1.2157e-01
0.0000e+00
1.5294e-01
1.1373e-01
0.0000e+00
1.5294e-01
1.1765e-01
7.8431e-03
2.1961e-01
2.9804e-01
0.0000e+00
1.5294e-01
1.8039e-01
0.0000e+00
1.5294e-01
1.6078e-01
0.0000e+00
1.5686e-01
1.5294e-01
0.0000e+00
1.6078e-01
1.5294e-01
0.0000e+00
1.7255e-01
1.6078e-01
0.0000e+00
1.6863e-01
1.5686e-01
0.0000e+00
1.8039e-01
1.4902e-01
0.0000e+00
1.5686e-01
1.2157e-01
0.0000e+00
1.6471e-01
1.3333e-01
0.0000e+00
1.5294e-01
1.4118e-01
0.0000e+00
1.5294e-01
1.5686e-01
0.0000e+00
1.5686e-01
1.2549e-01
0.0000e+00
1.5686e-01
1.0196e-01
0.0000e+00
1.5686e-01
1.0196e-01
0.0000e+00
1.6863e-01
1.8824e-01
0.0000e+00
1.7647e-01
1.8039e-01
0.0000e+00
1.9216e-01
1.8431e-01
0.0000e+00
1.8039e-01
1.7255e-01
0.0000e+00
1.9216e-01
1.7647e-01
0.0000e+00
2.0000e-01
1.7647e-01
0.0000e+00
1.9216e-01
1.5686e-01
0.0000e+00
1.8431e-01
1.4902e-01
0.0000e+00
1.8039e-01
1.4510e-01
0.0000e+00
1.7647e-01
1.3333e-01
0.0000e+00
1.8431e-01
1.4902e-01
0.0000e+00
1.6863e-01
1.3725e-01
0.0000e+00
1.6078e-01
1.1765e-01
0.0000e+00
1.7255e-01
1.1373e-01
0.0000e+00
1.7255e-01
1.1373e-01
0.0000e+00
1.9608e-01
1.9216e-01
0.0000e+00
2.1569e-01
2.1569e-01
0.0000e+00
2.1176e-01
2.0000e-01
0.0000e+00
2.0000e-01
2.0000e-01
0.0000e+00
2.3137e-01
2.0784e-01
0.0000e+00
2.1176e-01
1.8824e-01
0.0000e+00
2.1961e-01
1.9216e-01
0.0000e+00
2.0784e-01
1.6863e-01
0.0000e+00
2.1569e-01
1.7255e-01
0.0000e+00
2.1569e-01
1.6471e-01
0.0000e+00
1.8431e-01
1.3333e-01
0.0000e+00
1.8824e-01
1.2549e-01
0.0000e+00
2.0392e-01
1.4118e-01
0.0000e+00
2.1569e-01
1.3725e-01
0.0000e+00
2.0392e-01
1.4118e-01
0.0000e+00
2.3137e-01
2.3137e-01
0.0000e+00
2.2353e-01
2.2353e-01
0.0000e+00
2.3137e-01
2.1176e-01
0.0000e+00
2.4314e-01
2.2745e-01
0.0000e+00
2.4706e-01
2.1961e-01
0.0000e+00
2.7059e-01
2.5490e-01
0.0000e+00
2.3922e-01
2.1176e-01
0.0000e+00
2.5882e-01
2.1961e-01
0.0000e+00
2.5882e-01
2.0392e-01
0.0000e+00
2.5098e-01
2.0392e-01
0.0000e+00
2.0392e-01
1.3725e-01
0.0000e+00
2.1961e-01
1.6863e-01
0.0000e+00
2.1961e-01
1.4118e-01
0.0000e+00
2.3529e-01
1.5686e-01
0.0000e+00
2.2353e-01
1.4902e-01
0.0000e+00
2.1569e-01
2.1569e-01
0.0000e+00
2.6275e-01
2.5882e-01
0.0000e+00
2.8627e-01
2.8235e-01
7.8431e-03
2.9412e-01
2.9804e-01
0.0000e+00
2.7059e-01
2.5490e-01
0.0000e+00
2.5490e-01
2.3922e-01
0.0000e+00
3.0196e-01
2.7843e-01
0.0000e+00
2.9020e-01
2.3922e-01
0.0000e+00
2.7843e-01
2.2745e-01
0.0000e+00
2.3137e-01
1.8039e-01
0.0000e+00
2.2353e-01
1.5294e-01
0.0000e+00
2.3529e-01
1.6078e-01
0.0000e+00
2.5098e-01
1.6863e-01
0.0000e+00
2.3922e-01
1.6471e-01
0.0000e+00
2.3137e-01
1.5294e-01
0.0000e+00
2.4706e-01
2.3137e-01
0.0000e+00
2.8627e-01
2.8235e-01
6.2745e-02
3.7255e-01
3.9608e-01
3.5294e-02
3.3725e-01
3.4510e-01
7.8431e-03
3.0588e-01
3.0196e-01
0.0000e+00
3.0196e-01
2.9412e-01
0.0000e+00
2.8235e-01
2.3922e-01
1.1765e-02
3.3333e-01
2.8627e-01
0.0000e+00
2.9804e-01
2.5098e-01
0.0000e+00
2.5098e-01
2.0000e-01
0.0000e+00
2.4314e-01
1.8431e-01
0.0000e+00
2.5882e-01
1.8431e-01
1.1765e-02
2.7059e-01
2.0784e-01
5.0980e-02
2.9412e-01
2.2353e-01
1.9608e-02
2.7451e-01
1.9216e-01
0.0000e+00
2.8235e-01
2.7843e-01
0.0000e+00
2.7059e-01
2.7451e-01
0.0000e+00
2.9412e-01
3.1373e-01
3.9216e-03
3.2157e-01
3.2941e-01
0.0000e+00
2.9020e-01
2.9804e-01
1.9608e-02
3.4510e-01
3.4118e-01
0.0000e+00
3.2941e-01
2.9804e-01
7.8431e-03
3.2941e-01
2.9804e-01
0.0000e+00
3.0588e-01
2.7843e-01
0.0000e+00
3.0588e-01
2.5882e-01
3.9216e-03
2.7059e-01
2.2353e-01
3.1373e-02
2.7451e-01
2.0784e-01
1.5686e-02
2.5882e-01
1.8824e-01
3.1373e-02
2.7843e-01
2.0784e-01
7.8431e-02
3.0980e-01
2.2745e-01
0.0000e+00
3.2549e-01
3.1373e-01
0.0000e+00
2.8627e-01
2.8235e-01
0.0000e+00
3.4510e-01
3.4118e-01
1.9608e-02
3.6863e-01
3.6863e-01
1.5686e-02
3.2941e-01
3.3333e-01
0.0000e+00
3.0980e-01
3.0196e-01
0.0000e+00
3.3725e-01
3.0196e-01
2.3529e-02
3.5294e-01
3.3333e-01
1.5686e-02
3.1765e-01
3.0196e-01
1.5686e-02
2.9804e-01
2.7059e-01
1.9608e-02
2.7843e-01
2.3137e-01
5.8824e-02
3.0196e-01
2.3529e-01
7.0588e-02
2.9412e-01
2.2353e-01
8.6275e-02
2.8627e-01
2.0784e-01
8.2353e-02
2.9804e-01
2.2353e-01
0.0000e+00
3.1373e-01
3.1373e-01
0.0000e+00
3.5686e-01
3.6863e-01
0.0000e+00
3.6078e-01
3.5294e-01
0.0000e+00
3.3333e-01
3.1765e-01
0.0000e+00
3.3725e-01
3.3333e-01
0.0000e+00
3.4902e-01
3.3725e-01
0.0000e+00
3.6078e-01
3.4902e-01
0.0000e+00
3.4902e-01
3.5686e-01
0.0000e+00
3.2157e-01
3.3333e-01
1.1765e-02
2.9412e-01
2.6275e-01
1.1765e-02
2.9412e-01
2.4314e-01
5.0980e-02
3.0196e-01
2.2745e-01
8.2353e-02
3.0196e-01
2.2745e-01
1.0196e-01
3.0980e-01
2.3922e-01
1.0196e-01
3.2157e-01
2.4314e-01
0.0000e+00
3.0980e-01
3.0196e-01
0.0000e+00
3.6863e-01
3.7647e-01
1.9608e-02
4.0392e-01
3.9216e-01
0.0000e+00
3.4510e-01
3.3333e-01
0.0000e+00
3.4902e-01
3.5294e-01
0.0000e+00
3.6078e-01
4.1961e-01
3.9216e-03
4.1176e-01
5.1373e-01
0.0000e+00
3.6863e-01
4.6275e-01
0.0000e+00
3.4118e-01
3.9608e-01
7.8431e-03
3.3333e-01
3.4118e-01
0.0000e+00
3.0980e-01
2.5882e-01
7.8431e-02
3.2941e-01
2.5098e-01
7.8431e-02
3.2941e-01
2.5098e-01
9.0196e-02
3.2549e-01
2.4706e-01
1.2157e-01
3.4510e-01
2.6275e-01
0.0000e+00
3.2157e-01
3.0980e-01
0.0000e+00
3.4118e-01
3.3725e-01
0.0000e+00
3.4118e-01
3.2549e-01
0.0000e+00
3.6078e-01
3.4902e-01
0.0000e+00
3.6863e-01
4.0392e-01
1.1765e-01
5.2941e-01
7.1765e-01
2.1176e-01
6.0000e-01
8.5098e-01
9.8039e-02
5.0980e-01
7.4902e-01
0.0000e+00
3.6863e-01
4.3137e-01
0.0000e+00
3.3333e-01
3.0196e-01
2.3529e-02
3.3333e-01
2.7059e-01
8.2353e-02
3.4902e-01
2.7451e-01
1.0196e-01
3.6471e-01
2.8235e-01
1.0196e-01
3.4118e-01
2.5882e-01
8.2353e-02
3.3725e-01
2.5490e-01
0.0000e+00
2.8627e-01
2.6667e-01
0.0000e+00
3.2157e-01
3.0196e-01
0.0000e+00
3.5294e-01
3.4510e-01
0.0000e+00
3.6078e-01
3.4902e-01
0.0000e+00
3.6863e-01
3.9216e-01
0.0000e+00
4.3137e-01
5.6471e-01
3.5294e-02
4.7451e-01
7.0980e-01
1.9608e-02
4.5098e-01
6.7451e-01
0.0000e+00
3.8039e-01
4.6275e-01
0.0000e+00
3.5294e-01
3.2157e-01
3.9216e-03
3.4510e-01
2.8235e-01
2.7451e-02
3.5686e-01
2.8627e-01
3.9216e-02
3.5686e-01
2.8235e-01
7.4510e-02
3.5294e-01
2.7451e-01
6.2745e-02
3.3333e-01
2.5098e-01
0.0000e+00
2.9412e-01
2.6667e-01
0.0000e+00
3.0196e-01
2.7059e-01
0.0000e+00
3.4118e-01
3.1373e-01
0.0000e+00
3.4118e-01
3.2549e-01
0.0000e+00
3.8039e-01
3.8431e-01
3.9216e-03
4.3137e-01
4.8627e-01
0.0000e+00
3.9608e-01
5.0196e-01
0.0000e+00
3.9216e-01
4.9020e-01
3.9216e-03
3.9608e-01
4.1176e-01
0.0000e+00
3.6471e-01
3.2941e-01
1.9608e-02
3.7255e-01
3.1373e-01
1.5686e-02
3.6471e-01
2.9804e-01
5.8824e-02
3.8039e-01
2.9804e-01
5.4902e-02
3.6471e-01
2.8235e-01
5.8824e-02
3.4118e-01
2.6275e-01
