0.0000e+00
3.0196e-01
4.6667e-01
0.0000e+00
3.1373e-01
4.7059e-01
0.0000e+00
2.9020e-01
4.3137e-01
0.0000e+00
3.0196e-01
4.5490e-01
0.0000e+00
2.7451e-01
4.7843e-01
0.0000e+00
3.0196e-01
4.9804e-01
0.0000e+00
3.0980e-01
4.7451e-01
0.0000e+00
3.2157e-01
4.8235e-01
0.0000e+00
3.2157e-01
4.8235e-01
0.0000e+00
3.1373e-01
4.5490e-01
0.0000e+00
2.7059e-01
3.7647e-01
0.0000e+00
2.3529e-01
3.3333e-01
0.0000e+00
2.6667e-01
3.8039e-01
0.0000e+00
2.6275e-01
3.8039e-01
0.0000e+00
2.6667e-01
3.8431e-01
0.0000e+00
3.2549e-01
4.7451e-01
0.0000e+00
3.2157e-01
4.7451e-01
0.0000e+00
3.1373e-01
4.5490e-01
0.0000e+00
3.2157e-01
4.6275e-01
0.0000e+00
3.3725e-01
4.9020e-01
0.0000e+00
3.3725e-01
4.7451e-01
0.0000e+00
3.3333e-01
4.5882e-01
0.0000e+00
3.2941e-01
4.7059e-01
0.0000e+00
3.3333e-01
4.9412e-01
0.0000e+00
3.3333e-01
4.9412e-01
0.0000e+00
3.1373e-01
4.3137e-01
0.0000e+00
2.7059e-01
3.7647e-01
0.0000e+00
2.5882e-01
3.8431e-01
0.0000e+00
2.7843e-01
4.0392e-01
0.0000e+00
2.8627e-01
4.1961e-01
0.0000e+00
3.1765e-01
4.4314e-01
0.0000e+00
3.1765e-01
4.2353e-01
0.0000e+00
3.2941e-01
4.4706e-01
0.0000e+00
3.4902e-01
4.7451e-01
0.0000e+00
3.4902e-01
4.7451e-01
0.0000e+00
3.6078e-01
5.0196e-01
0.0000e+00
3.6078e-01
4.9020e-01
0.0000e+00
3.4902e-01
4.8627e-01
0.0000e+00
3.6863e-01
5.2941e-01
0.0000e+00
3.6471e-01
5.3333e-01
0.0000e+00
3.2941e-01
4.5098e-01
0.0000e+00
3.1373e-01
4.1961e-01
0.0000e+00
2.9412e-01
4.1961e-01
0.0000e+00
3.0196e-01
4.3529e-01
0.0000e+00
3.0196e-01
4.5098e-01
0.0000e+00
3.0980e-01
3.9216e-01
0.0000e+00
3.0980e-01
4.0000e-01
0.0000e+00
3.5294e-01
4.7843e-01
0.0000e+00
3.7255e-01
5.2941e-01
0.0000e+00
3.8039e-01
5.0980e-01
0.0000e+00
3.9216e-01
5.4118e-01
0.0000e+00
4.0392e-01
5.5686e-01
0.0000e+00
4.0000e-01
5.3333e-01
0.0000e+00
3.8431e-01
5.2157e-01
0.0000e+00
3.8431e-01
5.1373e-01
0.0000e+00
3.4118e-01
4.5490e-01
0.0000e+00
3.3333e-01
4.3529e-01
0.0000e+00
3.2157e-01
4.2745e-01
0.0000e+00
3.2549e-01
4.3137e-01
0.0000e+00
3.4902e-01
4.8627e-01
0.0000e+00
2.7843e-01
3.4902e-01
0.0000e+00
3.0980e-01
3.9608e-01
0.0000e+00
3.5686e-01
4.6275e-01
0.0000e+00
3.9216e-01
5.4510e-01
0.0000e+00
4.0784e-01
5.2549e-01
0.0000e+00
4.1569e-01
5.4118e-01
0.0000e+00
4.3529e-01
5.6471e-01
0.0000e+00
4.2745e-01
5.5686e-01
0.0000e+00
4.0000e-01
5.1765e-01
0.0000e+00
3.8431e-01
4.8627e-01
0.0000e+00
3.6471e-01
4.5882e-01
0.0000e+00
3.4118e-01
4.3922e-01
0.0000e+00
3.7647e-01
4.5882e-01
0.0000e+00
3.7255e-01
4.6275e-01
0.0000e+00
3.7647e-01
4.9412e-01
0.0000e+00
2.5882e-01
3.0980e-01
0.0000e+00
3.0980e-01
3.7647e-01
0.0000e+00
3.7255e-01
4.5098e-01
0.0000e+00
4.0392e-01
5.1373e-01
0.0000e+00
4.3529e-01
5.4902e-01
0.0000e+00
4.1961e-01
5.3333e-01
0.0000e+00
4.3137e-01
5.6863e-01
0.0000e+00
4.3137e-01
5.4510e-01
0.0000e+00
4.2745e-01
5.4510e-01
0.0000e+00
3.9608e-01
4.9412e-01
0.0000e+00
4.0784e-01
4.9804e-01
0.0000e+00
4.0784e-01
4.8627e-01
0.0000e+00
4.1961e-01
4.9804e-01
0.0000e+00
4.1569e-01
4.9412e-01
0.0000e+00
4.2353e-01
5.0588e-01
0.0000e+00
3.0196e-01
3.6471e-01
0.0000e+00
3.4902e-01
4.2353e-01
0.0000e+00
4.1176e-01
5.2941e-01
0.0000e+00
4.6275e-01
5.9608e-01
0.0000e+00
4.7059e-01
5.8431e-01
0.0000e+00
4.6275e-01
5.6078e-01
0.0000e+00
4.4706e-01
5.6078e-01
0.0000e+00
4.3529e-01
5.5686e-01
0.0000e+00
4.3922e-01
5.6471e-01
0.0000e+00
4.1961e-01
5.1765e-01
0.0000e+00
4.2353e-01
5.0588e-01
0.0000e+00
4.4706e-01
5.2157e-01
0.0000e+00
4.4706e-01
5.3333e-01
0.0000e+00
4.5098e-01
5.0980e-01
0.0000e+00
4.6275e-01
5.2549e-01
0.0000e+00
3.3333e-01
4.0392e-01
0.0000e+00
3.8431e-01
4.6275e-01
0.0000e+00
4.3529e-01
5.6471e-01
0.0000e+00
4.6667e-01
5.9608e-01
2.7451e-02
4.8627e-01
5.8824e-01
1.0588e-01
5.3333e-01
6.2353e-01
6.6667e-02
5.2549e-01
6.1569e-01
0.0000e+00
4.5882e-01
5.7647e-01
0.0000e+00
4.5490e-01
5.6863e-01
0.0000e+00
4.3137e-01
5.2549e-01
0.0000e+00
4.3922e-01
5.1373e-01
0.0000e+00
4.6667e-01
5.4118e-01
3.9216e-03
4.9412e-01
5.6471e-01
4.7059e-02
4.9412e-01
5.5294e-01
7.8431e-02
5.1373e-01
5.7647e-01
0.0000e+00
3.4902e-01
4.1176e-01
0.0000e+00
4.0784e-01
4.7451e-01
0.0000e+00
4.1176e-01
4.9804e-01
0.0000e+00
4.5490e-01
5.4118e-01
4.7059e-02
4.8235e-01
5.6863e-01
1.4902e-01
5.5686e-01
6.5882e-01
2.0392e-01
5.9216e-01
7.0196e-01
7.0588e-02
5.2549e-01
6.4706e-01
0.0000e+00
4.9804e-01
6.1176e-01
0.0000e+00
4.9412e-01
5.8824e-01
0.0000e+00
4.9804e-01
5.7255e-01
3.9216e-03
5.0980e-01
5.8431e-01
4.3137e-02
5.1765e-01
6.0000e-01
1.0196e-01
5.3725e-01
5.8039e-01
1.0196e-01
5.1765e-01
5.4902e-01
0.0000e+00
3.6863e-01
4.2745e-01
0.0000e+00
4.0000e-01
4.5490e-01
0.0000e+00
4.2353e-01
4.9020e-01
0.0000e+00
4.3529e-01
5.1765e-01
2.3529e-02
4.7843e-01
5.6471e-01
9.8039e-02
5.1765e-01
6.1176e-01
1.8039e-01
5.8039e-01
6.9804e-01
6.6667e-02
5.2549e-01
6.3922e-01
7.8431e-03
5.2941e-01
6.3922e-01
0.0000e+00
5.2941e-01
6.2745e-01
0.0000e+00
5.2157e-01
6.2353e-01
3.9216e-03
5.3333e-01
6.1176e-01
4.7059e-02
5.2157e-01
5.7255e-01
1.7647e-01
5.6471e-01
6.0000e-01
1.4902e-01
5.3725e-01
5.6863e-01
0.0000e+00
3.8824e-01
4.4314e-01
0.0000e+00
4.1569e-01
4.7059e-01
0.0000e+00
4.2353e-01
4.6667e-01
0.0000e+00
4.4314e-01
5.0588e-01
0.0000e+00
4.8627e-01
5.6078e-01
0.0000e+00
4.7059e-01
5.3333e-01
0.0000e+00
4.9412e-01
5.6863e-01
1.1765e-02
5.2549e-01
6.0784e-01
0.0000e+00
5.3333e-01
6.2745e-01
0.0000e+00
5.2157e-01
6.2353e-01
0.0000e+00
5.2549e-01
6.2745e-01
2.7451e-02
5.4510e-01
6.1961e-01
7.8431e-02
5.3725e-01
5.7255e-01
2.4314e-01
5.8824e-01
6.0392e-01
1.6078e-01
5.4510e-01
5.7647e-01
0.0000e+00
4.0392e-01
4.3922e-01
0.0000e+00
4.1961e-01
4.6667e-01
0.0000e+00
4.3529e-01
4.7843e-01
0.0000e+00
4.3529e-01
4.8627e-01
0.0000e+00
4.2353e-01
4.7059e-01
0.0000e+00
4.2745e-01
4.7059e-01
0.0000e+00
4.6667e-01
5.2549e-01
0.0000e+00
5.2157e-01
6.0000e-01
0.0000e+00
5.2941e-01
6.1569e-01
0.0000e+00
5.3725e-01
6.3137e-01
0.0000e+00
5.3725e-01
6.0784e-01
3.9216e-03
5.2941e-01
5.8431e-01
9.8039e-02
5.5686e-01
6.0000e-01
2.0392e-01
5.4902e-01
5.6471e-01
8.6275e-02
5.1373e-01
5.3725e-01
0.0000e+00
4.1569e-01
4.5882e-01
0.0000e+00
4.2745e-01
4.7059e-01
0.0000e+00
4.3529e-01
4.7843e-01
0.0000e+00
4.3922e-01
4.9804e-01
0.0000e+00
4.3137e-01
4.7843e-01
0.0000e+00
4.5098e-01
4.9020e-01
0.0000e+00
4.7843e-01
5.1373e-01
0.0000e+00
5.0980e-01
5.5686e-01
0.0000e+00
5.1373e-01
5.8039e-01
0.0000e+00
5.2941e-01
5.9608e-01
0.0000e+00
5.2157e-01
5.9216e-01
0.0000e+00
5.2549e-01
5.8039e-01
7.8431e-02
5.4902e-01
6.1569e-01
1.0588e-01
5.5686e-01
6.0392e-01
5.8824e-02
5.1373e-01
5.4118e-01
0.0000e+00
4.4706e-01
5.2941e-01
0.0000e+00
4.5882e-01
5.3333e-01
0.0000e+00
4.5490e-01
5.2549e-01
0.0000e+00
4.5098e-01
5.3333e-01
0.0000e+00
4.5490e-01
5.4902e-01
0.0000e+00
4.7843e-01
5.4902e-01
0.0000e+00
4.9412e-01
5.4118e-01
0.0000e+00
4.9412e-01
5.4510e-01
0.0000e+00
4.9804e-01
5.3333e-01
0.0000e+00
5.0588e-01
5.4118e-01
0.0000e+00
5.0980e-01
5.3725e-01
0.0000e+00
5.4118e-01
6.0000e-01
8.6275e-02
5.9216e-01
7.0196e-01
5.4902e-02
5.5686e-01
6.2745e-01
1.9608e-02
5.0588e-01
5.2941e-01
0.0000e+00
4.5098e-01
5.7255e-01
0.0000e+00
4.5882e-01
5.5686e-01
0.0000e+00
4.5490e-01
5.4510e-01
0.0000e+00
4.6667e-01
5.4902e-01
0.0000e+00
4.9020e-01
5.8039e-01
0.0000e+00
4.9412e-01
5.8039e-01
0.0000e+00
5.1373e-01
5.8824e-01
0.0000e+00
5.2157e-01
5.8824e-01
0.0000e+00
4.9412e-01
5.4902e-01
0.0000e+00
5.2157e-01
5.8039e-01
0.0000e+00
5.0588e-01
5.3725e-01
0.0000e+00
5.1765e-01
5.5294e-01
0.0000e+00
5.2941e-01
5.8039e-01
1.9608e-02
5.2941e-01
5.6863e-01
0.0000e+00
5.1373e-01
5.5294e-01
