0.0000e+00
2.7451e-01
7.0980e-01
0.0000e+00
2.8627e-01
7.2157e-01
0.0000e+00
2.7059e-01
7.1373e-01
0.0000e+00
2.6275e-01
6.9804e-01
0.0000e+00
2.7843e-01
7.1373e-01
0.0000e+00
2.7059e-01
6.9020e-01
0.0000e+00
2.5098e-01
6.7059e-01
0.0000e+00
2.7843e-01
7.0980e-01
0.0000e+00
2.3529e-01
6.4706e-01
0.0000e+00
2.2353e-01
6.4706e-01
0.0000e+00
2.3137e-01
6.4314e-01
0.0000e+00
2.2745e-01
6.3922e-01
0.0000e+00
2.1961e-01
6.2353e-01
0.0000e+00
2.0392e-01
6.0784e-01
0.0000e+00
2.0784e-01
5.9216e-01
0.0000e+00
2.4314e-01
6.8235e-01
0.0000e+00
2.7843e-01
7.1765e-01
0.0000e+00
2.4706e-01
6.8235e-01
0.0000e+00
2.9020e-01
7.2941e-01
0.0000e+00
2.7843e-01
7.1373e-01
0.0000e+00
2.9412e-01
7.2941e-01
0.0000e+00
2.7451e-01
7.0588e-01
0.0000e+00
2.7059e-01
6.8235e-01
0.0000e+00
2.6275e-01
6.8235e-01
0.0000e+00
2.6275e-01
6.7843e-01
0.0000e+00
2.5490e-01
6.7451e-01
0.0000e+00
2.1569e-01
6.3137e-01
0.0000e+00
2.1961e-01
6.2745e-01
0.0000e+00
1.9216e-01
5.9216e-01
0.0000e+00
2.0784e-01
6.0784e-01
0.0000e+00
2.5490e-01
6.9412e-01
0.0000e+00
2.6667e-01
6.9804e-01
0.0000e+00
2.9020e-01
7.2157e-01
0.0000e+00
2.9020e-01
7.2549e-01
0.0000e+00
3.0196e-01
7.3333e-01
0.0000e+00
2.8627e-01
7.2157e-01
0.0000e+00
2.9020e-01
7.0980e-01
0.0000e+00
2.8235e-01
6.9804e-01
0.0000e+00
2.7451e-01
6.9412e-01
0.0000e+00
2.7451e-01
6.9020e-01
0.0000e+00
2.4314e-01
6.5882e-01
0.0000e+00
2.5098e-01
6.6275e-01
0.0000e+00
2.3137e-01
6.4314e-01
0.0000e+00
2.3137e-01
6.3529e-01
0.0000e+00
2.0784e-01
6.0784e-01
0.0000e+00
2.8627e-01
7.2157e-01
0.0000e+00
2.9020e-01
7.2941e-01
0.0000e+00
3.1373e-01
7.4902e-01
0.0000e+00
2.8627e-01
7.2157e-01
0.0000e+00
3.0980e-01
7.4510e-01
0.0000e+00
3.0588e-01
7.4118e-01
0.0000e+00
3.0196e-01
7.1765e-01
0.0000e+00
3.0588e-01
7.2549e-01
0.0000e+00
3.1765e-01
7.3333e-01
0.0000e+00
2.5882e-01
6.8235e-01
0.0000e+00
2.5882e-01
6.6275e-01
0.0000e+00
2.5490e-01
6.6275e-01
0.0000e+00
2.4314e-01
6.5490e-01
0.0000e+00
2.4314e-01
6.4706e-01
0.0000e+00
2.0000e-01
5.9608e-01
0.0000e+00
2.5882e-01
6.7843e-01
0.0000e+00
2.6275e-01
6.9412e-01
0.0000e+00
2.8627e-01
7.0588e-01
3.9216e-03
3.0980e-01
7.4510e-01
7.8431e-03
3.2941e-01
7.5294e-01
1.5686e-02
3.4510e-01
7.6471e-01
0.0000e+00
3.1765e-01
7.3333e-01
3.9216e-03
3.3725e-01
7.5294e-01
0.0000e+00
2.9804e-01
7.2157e-01
0.0000e+00
3.0588e-01
7.2941e-01
0.0000e+00
2.7059e-01
6.9020e-01
0.0000e+00
2.5490e-01
6.7059e-01
0.0000e+00
2.3137e-01
6.4706e-01
0.0000e+00
2.4706e-01
6.5490e-01
0.0000e+00
2.0784e-01
5.8824e-01
0.0000e+00
3.2157e-01
7.4510e-01
0.0000e+00
3.0588e-01
7.2549e-01
1.1765e-02
3.2941e-01
7.4118e-01
7.8431e-03
3.2549e-01
7.3725e-01
3.5294e-02
3.4510e-01
7.4510e-01
3.1373e-02
3.3725e-01
7.4510e-01
4.3137e-02
3.4902e-01
7.5686e-01
1.5686e-02
3.5294e-01
7.6078e-01
0.0000e+00
3.1765e-01
7.2941e-01
0.0000e+00
3.0588e-01
7.3333e-01
0.0000e+00
2.8627e-01
7.0980e-01
0.0000e+00
2.3529e-01
6.5882e-01
0.0000e+00
2.5490e-01
6.7059e-01
0.0000e+00
2.4314e-01
6.5098e-01
0.0000e+00
2.1176e-01
5.9216e-01
0.0000e+00
2.7451e-01
6.9020e-01
0.0000e+00
3.1765e-01
7.3333e-01
2.3529e-02
3.4118e-01
7.5294e-01
6.6667e-02
3.6863e-01
7.5294e-01
9.4118e-02
3.9608e-01
7.7647e-01
5.8824e-02
3.5294e-01
7.5294e-01
8.6275e-02
3.7647e-01
7.7647e-01
0.0000e+00
3.2941e-01
7.3725e-01
7.8431e-03
3.4118e-01
7.4902e-01
0.0000e+00
2.9804e-01
7.1373e-01
0.0000e+00
2.7451e-01
6.9020e-01
0.0000e+00
2.7451e-01
6.9020e-01
0.0000e+00
2.6275e-01
6.8627e-01
0.0000e+00
2.3922e-01
6.4314e-01
0.0000e+00
2.0784e-01
5.8431e-01
0.0000e+00
3.1373e-01
7.2941e-01
2.3529e-02
3.5294e-01
7.6863e-01
3.9216e-02
3.5686e-01
7.6863e-01
7.8431e-02
3.7647e-01
7.6078e-01
1.0196e-01
4.0784e-01
7.8431e-01
7.8431e-02
3.8039e-01
7.6078e-01
6.2745e-02
3.7255e-01
7.7647e-01
3.5294e-02
3.5294e-01
7.6863e-01
3.9216e-03
3.4118e-01
7.5294e-01
0.0000e+00
3.1765e-01
7.4118e-01
0.0000e+00
2.9412e-01
7.1765e-01
0.0000e+00
2.7843e-01
6.9412e-01
0.0000e+00
2.5098e-01
6.7843e-01
0.0000e+00
2.5098e-01
6.6667e-01
0.0000e+00
2.1569e-01
6.0392e-01
0.0000e+00
3.4118e-01
7.6471e-01
0.0000e+00
3.3333e-01
7.6078e-01
0.0000e+00
3.0588e-01
7.2157e-01
7.0588e-02
4.1176e-01
8.1961e-01
8.2353e-02
4.1569e-01
8.2353e-01
7.0588e-02
3.8824e-01
8.0000e-01
2.3529e-02
3.5686e-01
7.6863e-01
0.0000e+00
3.3725e-01
7.4510e-01
0.0000e+00
3.1373e-01
7.2941e-01
0.0000e+00
3.0196e-01
7.1765e-01
0.0000e+00
2.9804e-01
7.2549e-01
0.0000e+00
2.6275e-01
6.8627e-01
0.0000e+00
2.3922e-01
6.5490e-01
0.0000e+00
2.4706e-01
6.6275e-01
0.0000e+00
2.0392e-01
6.0392e-01
0.0000e+00
3.4902e-01
7.6471e-01
3.9216e-03
3.6471e-01
7.8039e-01
1.9608e-02
3.7647e-01
8.0000e-01
5.0980e-02
4.0784e-01
8.3137e-01
5.0980e-02
4.1176e-01
8.2353e-01
2.3529e-02
3.7647e-01
7.9216e-01
1.9608e-02
3.5686e-01
7.5686e-01
0.0000e+00
3.3725e-01
7.4118e-01
0.0000e+00
3.4510e-01
7.5686e-01
0.0000e+00
3.1373e-01
7.2549e-01
0.0000e+00
2.8627e-01
6.9020e-01
0.0000e+00
2.7843e-01
7.0196e-01
0.0000e+00
2.6667e-01
6.8235e-01
0.0000e+00
2.3529e-01
6.4706e-01
0.0000e+00
2.1569e-01
6.0392e-01
2.3529e-02
3.6471e-01
7.6863e-01
1.9608e-02
3.6078e-01
7.6471e-01
3.1373e-02
3.8431e-01
7.7647e-01
4.3137e-02
4.0392e-01
8.0000e-01
4.7059e-02
3.9216e-01
8.0392e-01
2.3529e-02
3.7647e-01
7.8039e-01
3.9216e-02
3.7647e-01
7.8431e-01
0.0000e+00
3.2941e-01
7.4510e-01
0.0000e+00
3.2941e-01
7.4902e-01
0.0000e+00
3.0980e-01
7.1765e-01
0.0000e+00
2.9804e-01
6.9804e-01
0.0000e+00
2.7843e-01
6.9020e-01
0.0000e+00
2.7843e-01
6.9412e-01
0.0000e+00
2.3137e-01
6.3137e-01
0.0000e+00
2.0392e-01
5.7647e-01
2.3529e-02
3.8039e-01
7.6863e-01
1.1765e-02
3.5294e-01
7.3725e-01
3.9216e-02
3.8824e-01
7.7647e-01
4.3137e-02
3.9216e-01
7.7647e-01
5.0980e-02
4.0000e-01
7.8431e-01
1.1765e-02
3.6078e-01
7.4510e-01
3.1373e-02
3.7647e-01
7.6863e-01
3.9216e-03
3.4510e-01
7.3725e-01
0.0000e+00
3.2157e-01
7.2941e-01
0.0000e+00
3.2157e-01
7.1373e-01
0.0000e+00
2.9412e-01
6.8627e-01
0.0000e+00
2.8627e-01
6.7843e-01
0.0000e+00
2.6667e-01
6.5882e-01
0.0000e+00
2.4706e-01
6.2745e-01
0.0000e+00
1.8824e-01
5.2941e-01
1.5686e-02
3.5686e-01
7.6078e-01
6.2745e-02
4.0392e-01
7.7255e-01
8.2353e-02
4.0000e-01
7.6078e-01
7.8431e-02
4.1176e-01
7.6863e-01
7.0588e-02
4.0784e-01
7.6471e-01
3.1373e-02
3.8039e-01
7.5294e-01
1.5686e-02
3.6471e-01
7.3333e-01
1.1765e-02
3.6078e-01
7.4510e-01
0.0000e+00
3.4902e-01
7.3725e-01
0.0000e+00
3.1765e-01
7.0980e-01
0.0000e+00
3.0196e-01
6.9804e-01
0.0000e+00
2.7059e-01
6.8235e-01
0.0000e+00
2.7059e-01
6.6275e-01
0.0000e+00
2.4314e-01
6.1176e-01
0.0000e+00
1.9216e-01
5.2157e-01
3.9216e-02
3.8431e-01
7.8431e-01
4.7059e-02
3.7647e-01
7.5294e-01
9.4118e-02
4.0392e-01
7.6078e-01
1.3725e-01
4.4706e-01
7.9216e-01
7.4510e-02
3.8824e-01
7.3333e-01
5.8824e-02
4.1176e-01
7.5686e-01
4.3137e-02
3.7647e-01
7.3725e-01
0.0000e+00
3.2549e-01
6.8627e-01
3.9216e-03
3.4510e-01
7.1373e-01
0.0000e+00
3.1373e-01
7.0588e-01
0.0000e+00
2.9804e-01
7.0196e-01
0.0000e+00
3.1373e-01
7.2157e-01
0.0000e+00
2.7451e-01
6.6275e-01
0.0000e+00
2.3529e-01
5.9608e-01
0.0000e+00
1.8431e-01
4.9020e-01
2.7451e-02
3.8431e-01
7.7255e-01
6.2745e-02
4.0392e-01
7.7255e-01
8.6275e-02
4.1176e-01
7.6078e-01
8.2353e-02
3.9608e-01
7.2941e-01
1.1373e-01
4.2745e-01
7.6078e-01
5.8824e-02
4.0000e-01
7.4510e-01
4.7059e-02
3.7647e-01
7.2549e-01
4.3137e-02
3.6863e-01
7.2549e-01
3.9216e-03
3.4902e-01
7.1765e-01
0.0000e+00
3.0588e-01
6.7843e-01
0.0000e+00
3.0588e-01
6.9412e-01
0.0000e+00
2.9412e-01
6.8235e-01
0.0000e+00
2.6275e-01
6.3137e-01
0.0000e+00
2.2745e-01
5.4902e-01
0.0000e+00
1.9608e-01
4.7843e-01
